lstm_U
-0.538129393602,0.468822030601,-0.248507706084,0.0105288107063,-0.278543290526,0.714446614006,0.124422338512,0.193816686714,-0.292950651657,-0.00257585908239
-0.218212456615,-0.350317083188,-0.502841162563,0.594334227015,-0.157862988777,0.449477482753,0.182623921464,0.143764552011,-0.064278619218,0.182777042258
-0.547732726409,0.275817518993,0.393044576501,-0.065676726068,-0.245887040801,-0.165951176354,0.0230074021996,0.048465527444,-0.191870730142,-0.212971133428
-0.179281927479,0.295881155744,-0.06795418557,0.958645258958,0.0118608291733,0.0270694272691,-0.0940114242324,0.25516688514,-0.155220919573,0.058329823341
-0.0618090920175,0.38925374351,-0.213594932395,-0.12533655321,0.189108646323,0.0385310189417,0.0978269208379,0.246802097596,-0.450685084632,0.0557262830413
0.325080146343,0.571448555803,-0.410290215952,0.0866709935862,-0.209143108295,-0.636632874358,-0.0752239607639,0.127776660594,-0.118292906455,0.522969110384
-0.064133631835,0.342805124235,-0.21051392849,0.125648356419,-0.259922039121,0.041143333489,-0.0344184187954,0.294697409251,-0.379280515884,0.00147575963703
-0.0823389582226,0.477709625268,-0.297805885213,-0.0440178437014,-0.182429685643,0.113627528962,-0.00838126451565,0.366736480724,-0.24467954529,-0.0583239791691
-0.137179557519,0.525272913496,-0.298732032902,0.143338250271,-0.205641134413,0.308585537248,-0.0667083339089,0.337575264436,-0.119210215361,0.0176589429532
-0.341878575259,0.398369830247,-0.694293322516,0.10952116169,-0.130679824973,-0.180631181619,0.0335336180446,0.20329449873,-0.189015960698,-0.135730031327
-0.433730809179,-0.317420874414,0.413854271155,-0.228132426955,0.278299694355,-0.452811692069,-0.123483325623,-0.179068466258,0.134692188415,-0.0897273186989
-0.169493797057,0.123020941537,-0.14346245431,0.124438906107,-0.179200195003,0.217732886577,0.0852871712044,0.0377176226479,0.0498505207732,0.0925442925381
0.0555057169007,0.0816813084644,-0.0643352393476,-0.233932194645,0.12785387608,0.143551660914,0.0277283672805,-0.241585909533,0.103671314219,0.131941801789
0.0824926810306,0.135466297183,-0.0617362413226,-0.549988531335,0.00472993896112,0.0345258192334,0.00444881782629,-0.190194843437,0.173519523074,-0.0240129811369
-0.160727354222,-0.147286400461,0.168353581548,-0.402632159139,-0.144005669212,-0.0854758050448,0.0162292641065,-0.401384657385,0.283892431594,-0.166233224199
-0.219963974256,-0.308924296301,0.284983661292,-0.107467478433,0.198890519605,0.254898699445,0.0411255659354,-0.197849367842,0.0439965235111,-0.536707396912
0.0318578052244,-0.61684310924,0.032671577369,-0.702749725348,0.00698936760298,-0.0821462518354,0.507158911779,-0.373809431836,0.265790328213,-0.141881472002
-0.0157727504088,-0.511153702445,0.0673509768331,-0.707803192482,-0.0595456285961,-0.0539772473168,0.411477806237,0.0356371505062,-0.0391981166641,-0.187989027043
-0.00264537807143,-0.318868044662,0.140729648504,-0.356148354903,-0.108408842873,-0.0323735225119,0.0737330524199,-0.416280328933,-0.0457344687827,-0.151926032671
0.326511161442,-0.564931687308,0.371822011501,-0.733930109987,0.197252821295,0.0846490753534,0.0769085908043,-0.068534103279,0.250837232295,0.424206449928
0.253186807693,-0.372286481549,0.107694418104,-0.264097840339,0.0428174632615,0.0279266675296,-0.0849918830311,-0.0883375418084,0.306967956562,-0.0360561666938
-0.149717380508,-1.03142414751,0.0924532231121,-0.427112143371,-0.217641494186,0.0570105548279,-0.138141596184,-0.00204169982208,0.0511904291794,-0.0215866662762
0.100370278985,-0.635672643679,0.3624268336,0.0755776394051,0.256452725999,0.0288789057713,-0.105907179234,-0.212514102956,0.405673145538,-0.0852092691584
0.110889978551,-0.113209457453,0.278407220872,0.460716472234,0.147358481963,-0.0823277655355,-0.0135694414173,-0.135206939951,0.520228474551,-0.0591086667073
0.0903985826732,-0.593527882018,0.179397639477,-0.0941963615563,0.26653526186,-0.210794400866,-0.0842643396388,-0.173428089766,0.215410532698,-0.0479042197103
0.227874516394,-0.50877483134,0.449548420958,-0.159994264644,0.191251645113,-0.388437481301,0.02526508349,-0.0219440462635,0.059595448985,-0.470181036804
0.0604069796048,-0.703880843189,0.190840717299,-0.327153961961,0.0798204849495,-0.156173231114,0.108207699095,-0.149101613585,0.131633973839,-0.141897077395
-0.0682454847336,-0.71107552401,0.0274104041192,-0.388479706056,0.00261617917015,-0.0684900449756,0.16944201188,0.187069172247,0.230791794781,-0.0832205437084
0.172969765639,-0.58653185322,0.108602817674,-0.102630006498,0.216450260242,-0.156856758589,0.0769347075356,-0.0999244415882,-0.0208261286108,-0.0232482546846
0.039327168937,-0.609635966929,0.050863604776,-0.138253252604,-0.00501055214597,0.00449524141445,-0.0582576060532,-0.0616234926894,0.225658856875,-0.167303881666
0.347450259237,-0.188110423201,-0.0812458912069,0.0764023196654,0.108216551925,-0.0963365286081,-0.0529149090387,0.101331652155,0.0407938179017,-0.219968261784
0.0357394549928,0.640492515535,-0.0897449371434,0.196724619239,-0.0192169358168,0.107276642504,0.00236871149134,0.0395156729122,-0.0906148694841,0.0853376579208
0.0241616409523,0.0731941684969,0.312949998146,0.041766961155,-0.0185481277733,-0.0626535929893,0.00157868308125,0.0485612238078,0.0154247652366,-0.0543747051478
-0.016625826248,0.0975809896869,0.0114626730742,0.4906864648,0.0380847232523,-0.0224519752413,-0.00338591188766,0.0172675261484,0.00161734490279,0.00842034327529
0.017609372691,0.145668334393,-0.0763021343924,0.261044648009,0.138066906808,0.056919125033,-0.00475079281128,0.0101862188417,-0.0272804622831,0.0426854865468
0.112993185798,-0.0735908379231,-2.4428577403e-05,-0.0504438374043,0.074536602439,0.41477159091,0.0710614764412,-0.0116735478482,-0.0126859469901,-0.111420337652
-0.082604995927,-0.0132902249184,0.00921980509658,0.0961014151595,0.0839040367996,0.0141899090083,-0.0789450884474,-0.120563695671,-0.0185780937911,0.00177522281849
0.0256147033956,0.0365545480984,-0.0613952003483,-0.0548518036313,-0.0151692658452,-0.0445672612101,0.112598263798,0.0214056889291,0.0101140110204,0.0104343021501
-0.0229351104187,0.146319192815,0.00495303544735,0.0594253334795,0.133477904237,0.00781720323369,0.0348101013412,0.109583365438,0.146008267052,-0.0238746376248
-0.0376853216965,-0.0335861740897,-0.165835645203,0.0614583292592,0.0375504361383,-0.158010186708,0.0186250246462,-0.0484276630745,-0.0200600157023,0.27227977467
lstm_W
0.0479083156426,-0.126208026496,-0.22035043584,-0.062897424558,0.161072480122,0.253418364982,0.115017485783,0.104449270995,-0.184092467755,-0.212336834843,-0.276137154703,-0.233185612439,0.7379777427,0.740023937626,-0.352138005678,0.195632350606,0.00595348797362,1.90822405329
-0.0322973567586,0.0531867032108,-0.134596939559,0.00654934608026,0.274395416749,0.227638267596,0.331101167492,0.216059545484,-0.560605131364,0.646010571667,0.76671140414,0.480143464098,-0.924540928027,0.813650445291,-0.316608704346,0.301207262318,-0.713228098406,-0.552467252362
0.0290753835955,-0.230626735485,-0.259830263257,0.0380099704372,0.355364021481,0.331499219293,0.22253495555,-0.0329573391,0.135333400995,-0.0622600668563,0.203374953663,-0.176053367883,0.0150066513592,0.0866538699187,0.417187467321,0.408447251998,0.225070297363,1.54097582844
-0.0171737519822,-0.134824528414,-0.122047493519,-0.0158009855048,0.160056037791,0.236520187186,0.261555909565,0.532222249957,-0.729959535684,0.159691747016,0.0710441725151,0.296558677873,0.605025042046,0.203595801906,0.374914653504,0.744582317366,-0.394833023025,-0.0749963080398
-0.300466096976,0.439703354699,0.250315039222,0.0796820653676,-0.735458396965,-0.1536632007,0.264011143454,0.467801437477,-0.538804696539,0.110227661502,0.0378938622583,0.145118164422,0.138223445453,0.259081076289,0.159310633243,0.331913399454,0.440479655964,2.25904936018
-0.0502873225524,-0.13475455213,-0.177396317752,-0.0843164500525,0.197380558395,0.250560706471,0.316623951054,0.101728472605,-0.375944637556,-0.0889092003869,-0.0476490250525,-0.083986467899,0.225356671752,-0.0115150334185,0.951219068665,0.109343262351,0.226075530397,1.88508287362
-0.198798570953,-0.265888830022,-0.152977177201,-0.411060835419,-0.421299944213,-0.131241235012,0.400028422431,0.679565916774,-0.871382486253,0.11844751635,0.0385068663638,-0.0113062447632,-0.0380396221802,0.0402814803831,0.147061871305,0.109653920938,0.358355278145,2.63785553793
-0.09438909743,-0.162434362045,-0.579557673506,-0.752676387987,0.114188392988,0.617896736013,0.325943038954,0.184284542164,-0.814817888029,0.0281891154356,0.0816161858377,0.150829341635,0.0332139797371,0.0823430317133,0.180015773687,0.168461949071,0.103429079565,2.50197330829
-0.093529359984,0.229391950298,-0.308211596325,-0.315843636273,0.111154029779,0.192699883462,0.0950555808438,0.148861807663,-0.566315387024,0.129051792612,0.0900573486496,0.13410724455,0.0760336059264,0.159223060863,0.172894361637,0.587296678212,0.12651299616,1.90239268521
0.061480876116,-0.471485283624,-0.434751088291,-0.169456383514,0.145167089697,0.204192860136,0.246777453921,0.21002952888,-0.395027019881,-0.285313022247,-0.0289829032492,0.0981086380458,0.476552386848,0.0622359937851,0.0405105254068,0.146501423352,0.0178668786798,2.14244074804
0.489731096081,0.305798121168,0.148291482663,0.0907836586276,-0.0278504913557,-0.0406435615353,0.117488054188,0.0903244321697,0.613302767166,-0.805741650237,0.399950564513,0.246700432508,0.121254703361,0.0376562194487,0.402420345702,-0.0492480698104,-0.29437124822,-0.826858339663
0.36605502974,0.227564590245,0.128245440182,-0.0854500142387,-0.148724917032,0.0305141227064,0.132715231063,0.169224108123,0.611948303025,0.343161702421,0.246909574211,0.104089303027,-0.735128700038,0.209564033808,0.0397093697167,-0.736179003023,-0.11894792833,-0.762783574313
0.523778564806,0.260318713969,0.119740079934,0.126182918435,0.0409270023335,-0.0749245131473,0.0148775608491,0.124867238279,0.864389566929,0.527034416135,-0.115342680934,0.0583260576519,-0.187879875049,0.171209886271,-0.179409057718,0.13251571284,-0.354285945464,-0.696598248099
0.089595719786,0.498225369777,0.283601464101,0.133617917224,-0.0393651327687,-0.119704166882,0.189419190625,0.135871592278,0.727332844139,0.29812145403,0.222350504375,0.0336661010721,-0.256665765942,0.140906092288,0.054513132744,0.416147426289,-0.482186300365,-0.530240032189
0.897331592356,0.131249226868,0.317567659547,0.0377539370148,-0.0323660727008,-0.245583361552,-0.065447265432,0.133951718596,0.357906675609,0.109776754196,0.0323605998595,0.276388871978,0.166576643879,0.130040853571,0.200366187893,0.129481052421,-0.426688228364,-0.727886708279
0.309632659481,0.269778686715,0.229740286021,0.141294341762,-0.0232389217561,0.0382812779303,-0.00133983722867,0.0407151353828,0.842391468312,-0.117915543967,-0.173328614627,0.449050619006,0.322061821072,0.155492272443,-0.564059767902,0.0370316380381,-0.251521442591,-0.609612007656
0.556662350922,0.383081865023,0.0219388294896,-0.1134982671,0.0873328412507,-0.16146350576,0.115081432845,0.195964648642,0.433846068751,-0.0830253798326,0.180800564209,0.193167443661,0.141161461788,0.0884779572177,0.12062115965,0.0349649513461,-0.448885227985,-0.857705137237
0.56214296629,-0.00576911728551,-0.0590646629973,-0.0354258465829,0.161641355735,0.224216157007,0.0698658635833,0.218576818587,0.551485706716,0.0417030607472,0.0224158971811,0.24048843801,0.123015137053,0.0452058416945,0.222151027073,-0.0714833564862,-0.460453174889,-0.780276494933
0.917788112124,0.112768123964,0.0482144039218,0.0173268828582,0.0445606439776,0.119042505577,-0.364673803289,0.237365614542,0.301855123938,0.100851796839,0.0787628460996,0.177833128936,0.131935800893,0.231814180249,0.247162293434,0.136376291294,-0.530120893617,-1.03077977767
0.61107974386,0.298439056707,0.107542288764,-0.119307448659,-0.101706479675,0.0333679937842,0.0107277103622,0.0716263825955,0.567838715833,0.413568335443,-0.137659231642,-0.358682488173,0.196613945869,0.184137223906,0.0628573900091,0.00246530785905,-0.418290702845,-0.785109484265
0.414955570777,0.132934187503,0.167013392906,0.201305250951,0.166323872655,0.0952322863558,0.172104145855,0.0775613815132,-0.0398715121432,0.804162724421,-0.0250689900526,-0.251537911591,0.568092877757,0.484994640264,-0.163059919615,-0.033980413597,0.353514105979,0.392254791473
0.170266451699,0.102547316109,0.0174748449829,0.0845835422417,0.1115202072,0.26229125504,0.255286409096,0.194483479708,0.215928512147,0.369480701794,0.31504536387,0.0852513638659,-0.250898153827,0.424845073204,0.0242453542554,-0.0988749146717,0.610574426495,0.88026482357
0.25993682814,0.108671137586,0.135880175716,0.313932029614,0.320073600469,0.260992433016,0.184620541458,0.00953990926439,0.267606636017,-0.191264327098,0.234937523269,0.0563708277069,0.21459578287,0.431217563582,0.573629341401,0.14600632276,0.191820628657,0.307063942246
-0.0545979701645,0.0410741429692,0.282133440108,0.354325544099,0.422626071256,0.12767109091,0.210336119363,0.155438199138,0.155706769235,0.355309190332,0.117718194368,0.184932502449,0.314886263106,0.127585331596,0.271371109318,0.434543071834,0.315375216623,0.399937378301
0.194580943478,0.315702405263,0.295006743515,0.10953474801,-0.257159822936,0.247139900454,0.408333016824,0.511485083502,0.183351978326,0.40045877686,0.183481465759,0.262258265725,0.272800302088,0.255327073747,0.26914244108,0.0510748777829,0.290867788002,0.429431883043
0.362597801875,0.130347181528,0.297582646562,0.0288094754542,0.204151956912,0.0530039901905,0.224369027814,0.124855789869,0.201636046227,0.215455808097,0.62577959044,-0.368184908335,0.193703405602,-0.428895319209,0.961972713654,0.0224936333892,0.220652865524,0.497394045733
0.179076581604,0.00717414729318,0.225631147181,0.0533086838926,0.177434363409,0.264503684147,0.174642850664,0.247697177495,0.093457338686,0.308230791564,0.215658737919,0.221640122949,0.0661215895977,0.20782475124,0.214102785563,0.00382768909201,0.439387415533,0.448522022995
0.194580971177,0.039684820237,-0.244107760708,-0.1481155818,0.56263078193,0.502114274252,0.369017032417,0.0537333476134,0.0988420721649,0.311686210927,0.185400942137,0.288065542935,0.224868313716,0.0966193771302,0.120226571441,-0.0360489046568,0.401118917889,0.559115329513
0.222555017398,0.225096155152,-0.277113623901,0.242765366964,0.703155959503,0.333557402057,-0.0631814441819,0.184930086929,0.101395743509,0.353776002507,0.173652649688,0.171461077815,0.177250141869,0.251247683443,0.337472691013,0.124306401778,0.377748654832,0.436492552336
0.460677942801,0.025301566556,-0.0238629974973,0.125817841529,0.225579653337,0.130159922791,0.048399522719,0.170114365049,-0.221659153253,-0.386552993103,0.202498657595,0.82753082862,0.601584077319,0.0134095592493,0.126865305667,-0.0123742351018,0.239434489552,0.33821972297
-0.0334755843256,-0.149970348863,-0.0420147471824,-0.102162735006,-0.0452155243946,-0.00964400674639,0.0367364947119,0.0109246836412,-0.443524699799,-1.69267790242,-0.108269913109,0.461657693928,0.915166841142,1.17588860385,-0.504571776111,-0.0718783472519,0.0742944735234,0.164215661862
-0.0268404900503,-0.351700253655,-0.224742017205,-0.14457437185,-0.0954690121694,-0.142601418595,-0.198387276777,-0.191771844731,-0.314918504465,-0.100426085361,-0.23582837388,-0.182344617847,0.441738700719,-0.358122056304,-0.361933608323,1.42435492725,-0.832312818371,-1.30602011778
0.126564584624,0.509706374337,0.475522323776,0.353546237413,0.29351168592,0.259516347924,0.248072958423,0.291953675381,0.116818958827,0.21351169235,1.03348137525,0.916902705962,0.856440883734,-1.33809824742,-1.26544761683,0.271148071762,-0.0461820750492,-0.0339818782638
0.151021806169,0.194232650433,0.219378034187,0.225994181116,0.252176884458,0.303052866008,0.305882870743,0.335907678683,0.26442578131,0.16223486234,0.201536916054,0.134990316919,0.0485008751332,0.228569879228,0.217287973575,1.50097223253,-1.61258043693,-1.97382207484
0.165921615024,0.942377297142,0.982746000196,0.863937998793,0.988656025699,-1.12198652352,-1.21212405863,-1.23143200295,0.0193798787246,0.204131660848,0.165226522316,0.107336377179,-0.0160252918832,0.252956006287,-0.0773101395224,0.338706589685,-0.202359769458,0.00318793164238
-0.236791638851,-0.39495381323,-0.34761574797,-0.350211391802,-0.347434313303,-0.33467959376,-0.351481331989,-0.273068439228,-0.304617993912,-1.42426355064,1.33476719972,-0.438475923333,-0.956921463154,-0.63734798655,1.09410409766,-0.266648701264,-0.0320468248137,-0.0318848702485
0.206869871945,-0.939637757845,1.14157110916,0.989041334642,-1.11309839343,1.32429148558,-0.943408287684,-0.868087842904,-0.442874036351,-0.0143984354639,0.0649294657462,0.0345946919172,0.141171899951,0.260798464889,0.0498401932047,-0.068810728532,-0.488022235868,-0.0601380940863
0.143283969614,0.733293357915,-0.572230667757,1.39513086796,-1.04370748745,-1.01836658998,-0.86983286498,1.15635735373,0.22989337847,0.101377470769,0.082811534982,0.0908615603669,-0.112969658273,-0.117994097683,-0.281456739759,-0.100006291578,-0.0219528050871,-0.121275825726
-0.467009735187,-1.24044256503,-0.964984975765,0.974770491687,1.20901892883,1.02980911722,-0.666032209739,0.699966056297,0.236848077119,0.0621511235066,-0.0211755885768,0.0104196431274,-0.0279345338592,0.0345708282322,0.14471694469,0.414255747976,0.00430499347856,-0.268213592958
-0.24726926636,-0.0338360433547,-0.0152666242579,-0.0723833456363,-0.130932386115,-0.144622416053,-0.135794669251,-0.0758344181197,0.119956849586,-0.271579027989,-1.10318730832,1.64586956228,-0.993367209941,-0.427159667906,0.622300537854,0.132030278424,0.0614797366565,-0.0755437349935
lstm_b
-0.353152098957,0.70352212066,-0.16470755201,0.540357852158,-0.337064921678,-0.102157172716,-0.893662239942,-0.832003436127,-0.437011472857,-0.595109167979,0.745583672343,0.497253843075,0.590336808826,0.673833680344,0.652641887064,0.570352603199,0.818646785868,0.854469129416,0.795677239996,0.657121835701,1.22070102961,0.989455149209,1.48206900433,1.40648503948,1.74035222817,1.14628011373,1.26691478227,1.2142028657,1.45133968525,1.02985408644,0.309519862613,0.185135592854,-0.237007040531,-0.324865068342,-0.127996750437,0.48943177215,-0.161850630029,-0.0632837107714,0.305396575932,0.0260583297121
W1
-0.111085503075,0.0216034988351,0.0844964879545,-0.0254188452826,1.6281818378,0.011191130284,-1.04568963193,1.37602818942,-2.20292414022,-0.080316174257
-0.0468123768678,0.141515006494,0.0512888852712,-0.226556579275,1.45096627168,0.0722846561293,1.6665944737,-0.530337456711,-1.61179836539,0.074042871944
-0.0223970286395,0.0817006354534,-0.0517047400485,-0.368263746769,1.2601343538,0.000987344058166,1.30406822112,1.33705428436,1.02539826008,-0.0794805899558
0.0244419769706,0.213451714964,0.021966128554,-0.0927528242799,1.02436632018,-0.00558092851582,-1.00929501864,-1.35313154345,1.52682326617,0.0173682555306
0.0572890203416,-0.0810225383469,-0.0740555162407,0.103683867229,-1.4190819949,-0.00807266006686,1.08147718112,-1.20860443246,0.930333315431,0.0424554817958
-0.0661798897259,0.0175094713076,-0.111999123635,0.311385158291,-1.93637401392,0.0340276252005,-0.888343357208,-0.96423188283,-0.711282274103,0.0436766340486
-0.0563088479829,0.0980341866492,-0.158041973531,0.159460730808,-2.28597850296,0.092993032555,-1.05417676483,1.56596622206,0.693025424695,0.0141442461411
b1
-0.788391380297,-0.394475342718,0.14997617977,0.35255133196,0.207022666633,-0.0695033930335,-0.320881308666
W2
-2.33694093972,-0.161964453021,0.4300256047,-0.0222751612007,-0.0176045104672,-1.38879485927,-0.0778514639392,0.0401065909429,-0.0058418076687,-0.14790485606
-0.234841457866,-0.56340072784,1.42605735181,0.149869473928,0.0885576923169,1.75355376055,0.059168440641,0.0673434351421,-0.0861980560859,-1.13979892792
0.4461199556,-0.17774701949,1.21597401457,-0.00983409410282,-0.0164077909843,-0.448093239711,-0.024677005511,-0.0101471904636,-0.0580575640414,2.17474182157
1.37375610682,1.61514854756,0.95496030521,-0.532621782761,-0.1306076031,-1.21613849191,0.0214878070258,-0.0323886400868,-0.113833392348,-1.23394707477
1.60246702965,-0.787176771898,-2.04141389252,0.271805842313,0.108319688159,-0.762166386332,0.139713524595,0.0716201705089,0.0521777312003,-0.595892602943
-1.01994988702,0.402815468993,-2.21171509918,0.0907596589772,-0.252515348873,2.21018006219,-0.0273666225605,-0.0756659885906,0.0766128470558,0.966950086985
b2
0.786449434633,-0.479393381296,0.25007782538,-0.468491376222,-0.528050006906,-0.0382742552144
W3
-0.199102964499,2.2475084477,0.127502738405,1.67784344319,0.304978212569,0.0889489809205,0.0859723798615,0.0755485305017,-0.0501222313219,0.199130053447,3.69821805301e-21,-0.817449808319,-0.638997053238,-0.53406373835,-0.297113187775,-0.417921616467,-0.344456549786,-0.177057609475,-1.29903034055e-20,-0.694018792961,-0.296797214652,-0.43698099827,-0.51976740203,-0.239081264779,-0.896793649166
b3
-1.95171754628
W4
-0.00134878571883,-0.331085119651,-0.103012687807,-2.3930011709,-0.303997405067,0.0159867539508,-0.0862446567562,-0.114203804967,0.148074775533,-0.0371561438565,-8.83413593113e-22,0.113678970598,0.037831775043,-0.00752214287822,-0.0419945309692,-0.443379962707,-0.391716549227,-0.121249492818,-5.74511819214e-21,0.0266855389358,-0.00487966347716,-0.0434243054823,-0.248575873219,-0.182425764755,-0.265844968345
b4
-0.423010438498
W5
-0.0521289289321,1.37849369263,-0.393561185772,-0.0523253130199,-0.173914960308,0.384074432427,0.137241852456,0.191214009551,-0.486807475795,0.024078601383,3.20887478364e-21,-0.0501243429656,-0.074819753908,0.0117772470324,0.0282370545263,-0.427179767509,-0.444099663384,-0.291191821015,4.25146654836e-21,0.0891065465757,0.0765840132948,0.0627111684928,-0.291131924505,-0.244207701281,-0.801070000028
b5
-0.302581373874
